   -0.54748150
    0.33786678
    0.31847929
   -0.34929338
   -0.30175074
   -0.30777560
    0.29266651
    0.30092520
    0.32124661
    0.31837991
   -0.41113227
   -0.51945440
   -0.31176660
   -0.31042236
    0.37296045
    0.36362241
   -0.53132462
    0.39746206
    0.40230552
   -0.45844231
   -0.56090006
    0.39420030
   -0.29934835
   -0.28151894
    0.35698886
    0.37257006
    0.35154205
   -0.23870919
   -0.24435442
    0.36186464
    0.36289345
   -0.14867322
   -0.15486115
    0.35123502
