           1           2  0.548435724689140     
           1           3  0.447833562989283     
           2           4  0.533435980555533     
           3           5  0.461806687856331     
           3           6  0.466872588504070     
           4           7  0.403674444129658     
           6           7  0.376254609994680     
           4           8  0.391117855478233     
           5           8  0.383060009036059     
           1           9  0.387434206502401     
           1          10  0.395360950173960     
           2          11  0.417852424884166     
           2          12  0.473384130339740     
           6          13  0.210084658526903     
           9          13  0.451328313433521     
           5          14  0.212530560937462     
          10          14  0.446511357575342     
          12          15  0.535639083328373     
          13          15  0.492275937600278     
          11          16  0.464810036396016     
          14          16  0.516510538659866     
           3          17  0.629416768330816     
           6          18  0.620777706617525     
          13          18  0.831540152266273     
           5          19  0.635627462828899     
          14          19  0.810190189523417     
           7          20  0.560361347457447     
          15          20  0.749331716800877     
           8          21  0.556699524901521     
          14          21  0.108169617465470     
          16          21  0.771621175580550     
           4          22  0.506041596589397     
          11          22  0.109319740063928     
           9          23  0.587653611187608     
          12          23  0.242744442667910     
          10          24  0.570333574953593     
          11          24  0.210150979112658     
          11          25  0.510128991846910     
          24          25  0.970273406078337     
          12          26  0.600211456790923     
          23          26  0.897021020507035     
          17          27  0.625364809796108     
           9          28  0.598090981382545     
          27          28  0.607781554797329     
          10          29  0.607206912792830     
          27          29  0.605077806514955     
           5          30  0.415225050475548     
           6          31  0.422318181934718     
          30          31  0.293714217623475     
           7          32  0.720065134393160     
          31          32  0.124449210535817     
           8          33  0.716105881357981     
          30          33  0.127401081077193     
          32          33  0.378325222469630     
           4          34  0.155937983743428     
          11          34  0.428942224202717     
          22          34  0.355475569403379     
